-----------------------------------------------Set 0:
bestRatio: 94.8583460949464
Time: 15.889122009277344
Set  0
bestW  [-0.1776362629566089, -0.1776362629566089, -0.1776362629566089, -0.1776362629566089, 0.2272499017029602, 0.1153159113360446, -0.1776362629566089, -0.5251316676296233, -1.0727229616242517, -0.1776362629566089, 0.005237210374796424, -0.09168195870825767, -0.1776362629566089, 0.39177216789576225, 0.11540415866901323, -0.1776362629566089, 0.005233749562798469, -0.09168694509754047, -0.1776362629566089, 0.605084949718102, 0.7122597934889559, -0.1776362629566089, -0.4703810302125503, 0.07102781840661011, -0.1776362629566089, 0.06098843895781117, -0.02873428939049735, -0.1776362629566089, 0.7045442963768586, -0.4445458218663627, -0.1776362629566089, 0.03864121138726878, 0.03892618365375314, -0.1776362629566089, -0.023773432277268827, 0.01858333765064508, -0.1776362629566089, 0.2405686976101461, -0.5465379545855941, -0.1776362629566089, 0.037590266394998045, -0.1641739561785278, -0.1776362629566089, 0.029189552729933767, 0.08089061473208971, -0.1776362629566089, 0.2595056467352686, 0.10813461129313137, -0.1776362629566089, 0.02321540105785386, 0.08812960661581254, -0.1776362629566089, -0.23483612016479682, -0.0668049380651603]
bestG  0.4
bestA  0.4
bestD  2
-----------------------------------------------Set  1
bestRatio: 91.66666666666666
Time: 5.121932029724121
Set  1
bestW  [-0.10587860365125522, -0.10587860365125522, -0.10587860365125522, -0.10587860365125522, 0.17948486110914216, -0.04866405301783656, -0.10587860365125522, -0.216433231171292, -0.40108617390378426, -0.10587860365125522, -0.31453327455071506, -0.029221684584279484, -0.10587860365125522, -0.007745025585730784, -0.14568804362374027, -0.10587860365125522, 0.26631883442772475, -0.03150437151987517, -0.10587860365125522, 0.5195374623726062, -0.06704560837755907, -0.10587860365125522, -0.33953149813433986, -0.020416535964917465, -0.10587860365125522, -0.33371643068256307, 0.12431560833260988, -0.10587860365125522, 0.7473508277387242, -0.06593656868358753, -0.10587860365125522, 0.08297804548864689, 0.017646237281077167, -0.10587860365125522, 0.0427702827691096, -0.10518573692905722, -0.10587860365125522, 0.27953676063396915, 0.07196595939496164, -0.10587860365125522, 0.006214832012049693, -0.06781938622431247, -0.10587860365125522, 0.0026233093123373945, 0.03616032281569395, -0.10587860365125522, 0.3624221700308378, 0.02130416636483282, -0.10587860365125522, -0.029021739730930387, 0.026727907113476956, -0.10587860365125522, -0.3584374748853624, -0.005169644455626428, -0.10587860365125522, 0.13864544248296837, -0.009418503743276813, -0.10587860365125522, -0.04552157483044241, 0.08110436903385103, -0.10587860365125522, -0.043051246260487314, 0.08108527702311356, -0.10587860365125522, 0.13864693499089586, -0.00941517662717746]
bestG  0.08
bestA  0.0
bestD  2
-----------------------------------------------Set 2:
bestRatio: 86.82249322493224
Time: 2.076509952545166
Set  2
bestW  [-0.060225336680226366, -0.060225336680226366, -0.060225336680226366, -0.060225336680226366, -0.34473222698107936, 0.14761457624556876, -0.060225336680226366, -0.7727254370449682, -1.674847603550739, -0.060225336680226366, -0.07848559594454992, 0.08272777425446065, -0.060225336680226366, 0.16255823581571022, -0.07922724508349843, -0.060225336680226366, 0.9963005865959502, 0.5571577240785581, -0.060225336680226366, -0.08114847741195766, 0.1940227357906758, -0.060225336680226366, -0.40241279992119655, -0.7011726216874277, -0.060225336680226366, 1.5846717541273363, 0.24627665531982185, -0.060225336680226366, 0.8123362678572225, -0.3457398544947662, -0.060225336680226366, -0.5028502876544869, -0.4236058997386559, -0.060225336680226366, -0.5555610329837456, 0.4978959026222399, -0.060225336680226366, -0.09460531452166035, 1.0083256417010953, -0.060225336680226366, 1.3674272624621147, 0.19869645415115428, -0.060225336680226366, 0.12253121806071961, -0.4766645046469043, -0.060225336680226366, 0.0028088166035210066, -0.25821515970836456, -0.060225336680226366, 1.268215254159815, 0.18365916810958602, -0.060225336680226366, -0.015853060485712955, -0.05506402100701187, -0.060225336680226366, -0.11983995271432975, -0.08621366722974656, -0.060225336680226366, 0.21393488110596545, 0.05789971693973797, -0.060225336680226366, -0.05716305588360345, 0.1189148309976176, -0.060225336680226366, -1.3078085961281365, -0.07576602476435854, -0.060225336680226366, -0.28297575934731656, -0.16785764003289555, -0.060225336680226366, -0.28626719444291043, 0.056999734295281296, -0.060225336680226366, -0.05302412559556726, -0.23121487700709226, -0.060225336680226366, 0.5451245077599348, -0.09302398996883765, -0.060225336680226366, 0.03647098206250155, -0.043121403167289324, -0.060225336680226366, 0.3624734018210536, -0.0763116361243052, -0.060225336680226366, -0.02402735052015175, 0.23558384590700576]
bestG  0.5
bestA  0.1
bestD  2
-----------------------------------------------Set 3:
bestRatio: 92.61517615176152
Time: 1.4815759658813477
Set  3
bestW  [-0.1845708282977623, -0.1845708282977623, -0.1845708282977623, -0.1845708282977623, 0.31717691407355875, -0.3058331926085799, -0.1845708282977623, -0.4209635360535293, -3.4645754806932914, -0.1845708282977623, -0.012590576471277513, 0.44246571171908633, -0.1845708282977623, -0.3901312696323945, 0.29497655132161144, -0.1845708282977623, 0.8757458954696525, 0.0820741574966469, -0.1845708282977623, -0.0625580982085426, 0.1811585541689888, -0.1845708282977623, -0.005487405107745168, 0.5888654008338787, -0.1845708282977623, 0.5874068070908337, -0.061499460951329965, -0.1845708282977623, 0.19925359375358115, 1.7646060137303892, -0.1845708282977623, -1.4134727699014542, 0.05922839897762677, -0.1845708282977623, -0.3932953130181881, -0.11771271171019804, -0.1845708282977623, -0.08301997126329086, 0.8483058964643886, -0.1845708282977623, -0.2440187429629258, 0.2095592908587873, -0.1845708282977623, -0.6667114970014916, -0.29377656497579685, -0.1845708282977623, 0.04864278255282023, -0.21436600635874428, -0.1845708282977623, 1.8670374107681162, 0.29318861548971714, -0.1845708282977623, 0.03697953146438341, 0.26391721110086835, -0.1845708282977623, -0.4414290553255977, 0.11704069644791851, -0.1845708282977623, 0.5875568495940388, -0.11806407539959662, -0.1845708282977623, 0.07236703621153359, -0.04794424871740913, -0.1845708282977623, -0.7541061747641489, 0.3698349261001158, -0.1845708282977623, -0.22190213963836986, -0.062391505283842005, -0.1845708282977623, -0.0016131068964544875, -0.3741535725019406, -0.1845708282977623, -0.021596612336194507, 0.11009753841184362, -0.1845708282977623, -0.22515643528529175, 0.13458377361854204, -0.1845708282977623, -0.021333205196664283, -0.4707515111408074, -0.1845708282977623, -0.045655047404482604, 0.18380811511109463, -0.1845708282977623, -0.3197625536149149, -2.4246057748488656]
bestG  0.6
bestA  0.1
bestD  2
-----------------------------------------------Set 4:
bestRatio: 80.20409822735404
Time: 34.87606978416443
Set  4
bestW  [-0.033774884826355954, -0.033774884826355954, -0.033774884826355954, -0.033774884826355954, -0.2854692132390712, 0.08688774534700291, -0.033774884826355954, -1.3294101039228756, -0.29498772004939855, -0.033774884826355954, 0.008819276802918894, 0.0707026557398564, -0.033774884826355954, 1.153280698859456, -0.21082912194998896, -0.033774884826355954, 0.008819996750728244, 0.07070471075299531, -0.033774884826355954, 0.5374025074976823, 0.1004551250665465, -0.033774884826355954, -0.5737298967270057, 0.12420041120142453, -0.033774884826355954, 0.08997987139797994, -0.08901511954199715, -0.033774884826355954, 0.7369153204669089, -0.1353062688796245, -0.033774884826355954, 0.002219513609720757, -0.10080347455157376, -0.033774884826355954, 0.005940042883680842, 0.012380665169754819, -0.033774884826355954, 0.10029380579582384, -0.09534525256260004, -0.033774884826355954, 0.02561321009462352, -0.20383405665364684, -0.033774884826355954, 0.005658109786899983, 0.0003870980659766433, -0.033774884826355954, -0.45319833367411994, 0.07200070118336833, -0.033774884826355954, -0.03701681929992628, 0.006505729129735003, -0.033774884826355954, 0.15110578125916227, -0.024264492060308018]
bestG  0.15
bestA  0.7
bestD  2
-----------------------------------------------Set 5:
bestRatio: 77.19634181194627
Time: 39.02502107620239
Set  5
bestW  [0.0032509186824464095, 0.0032509186824464095, 0.0032509186824464095, 0.0032509186824464095, -0.4859654180817439, -0.03190343275428603, 0.0032509186824464095, 0.006707501729084024, -0.5361045671979678, 0.0032509186824464095, 0.35982256039941, 0.24592984871142537, 0.0032509186824464095, 0.9452084665057798, -0.7344780708107346, 0.0032509186824464095, 0.10821872217441236, -0.021460729715178786, 0.0032509186824464095, 0.39519877171871326, -0.1335182597548897, 0.0032509186824464095, -0.35826554799000165, -0.026322166373786645, 0.0032509186824464095, 0.30955859766258137, 0.14867105084202797, 0.0032509186824464095, 0.5196903016666654, -0.03198847012224268, 0.0032509186824464095, -0.011469242789043897, -0.10961164927284872, 0.0032509186824464095, -0.020888949363052377, 0.0064925536006119906, 0.0032509186824464095, 0.2917341952967318, 0.010404795748873949, 0.0032509186824464095, 0.00657250921862178, -0.20062768167753312, 0.0032509186824464095, -0.01776687814795499, 0.025796230889639105, 0.0032509186824464095, 0.10381535802998826, -0.03662933301812283, 0.0032509186824464095, 0.013733257127814424, 0.004103442236829031, 0.0032509186824464095, -0.014694449255454552, -0.06090491575304578, 0.0032509186824464095, 0.19827490142780183, 2.0153113919535448e-05, 0.0032509186824464095, -0.011496084104590933, 0.39783746580824353, 0.0032509186824464095, -0.013158831778601108, 0.01790172470190178, 0.0032509186824464095, 0.1982755980204676, 1.9672161418422124e-05]
bestG  0.09
bestA  0.0
bestD  2
-----------------------------------------------Set 6:
bestRatio: 80.38756747638327
Time: 33.93509387969971
Set  6
bestW  [0.023795157845219763, 0.023795157845219763, 0.023795157845219763, 0.023795157845219763, -0.34518105474001637, -0.143660018302597, 0.023795157845219763, 0.8496886022819559, -0.8066435358352203, 0.023795157845219763, 0.6940211317236509, 0.01565770319194543, 0.023795157845219763, 0.06741084511197401, 0.23721554920227003, 0.023795157845219763, 0.18080190018675, 0.13194893787799458, 0.023795157845219763, -0.021215927053430308, -0.03548073416190245, 0.023795157845219763, 0.9556879358550211, -0.6613246243362462, 0.023795157845219763, -0.22675106051649216, 0.04819465208177111, 0.023795157845219763, 0.2103055148285915, -0.08125448399251275, 0.023795157845219763, -0.3547306547512833, -0.023517421259179303, 0.023795157845219763, 0.4752412518097207, 0.22258965158781874, 0.023795157845219763, 0.4503236116409182, 0.14920797473321776, 0.023795157845219763, 0.4519510633821861, -0.012202305206565166, 0.023795157845219763, 0.007021030430003815, -0.11495009708413029, 0.023795157845219763, -0.0028175489731406735, -0.0011336909162322545, 0.023795157845219763, 0.31807014155976043, 0.03741838934955424, 0.023795157845219763, -0.03297230506032174, -0.13602949157429065, 0.023795157845219763, 0.017596788144810204, -0.004015439635646446, 0.023795157845219763, 0.6616748444533054, -0.015922270912962083, 0.023795157845219763, 0.011477009194972831, 0.009253405977668432, 0.023795157845219763, -0.2894625895989554, -0.004906864870573226, 0.023795157845219763, -0.0757646869326274, -0.05905977015912958, 0.023795157845219763, 0.030216996928296786, 0.1653518468508995, 0.023795157845219763, 0.014567182091734765, 0.00935708098679871, 0.023795157845219763, 0.19477696764801947, -0.04122914027537924, 0.023795157845219763, 0.01420979938609026, 0.18103923734868912, 0.023795157845219763, -0.01654342840429352, -0.009074156740544456, 0.023795157845219763, 0.003247240685688351, 0.04906882517076783]
bestG  0.06
bestA  0.2
bestD  2
-----------------------------------------------Set 7:
bestRatio: 74.07658093212144
Time: 18.499937057495117
Set  7
[-0.06986623067058495, -0.06986623067058495, -0.06986623067058495, -0.06986623067058495, -1.2678245466205758, -0.9406756788748225, -0.06986623067058495, 2.4628217366633773, -2.609571847736008, -0.06986623067058495, 1.808418461410521, 0.7689638727960278, -0.06986623067058495, -0.26041972301510374, 1.5223330045373733, -0.06986623067058495, -0.23870706551682766, 1.3253982669270306, -0.06986623067058495, -0.2144041815936918, 0.9849353104713513, -0.06986623067058495, 1.8065429266892061, -2.4096424505366905, -0.06986623067058495, -0.5100743097442868, -0.10847852415515985, -0.06986623067058495, -0.0387907252334597, 0.03950679582165134, -0.06986623067058495, -1.047176357826988, -0.5107317814156249, -0.06986623067058495, 1.4959564944489003, -0.2531584993628384, -0.06986623067058495, 1.0669635594655387, 1.1272949015295357, -0.06986623067058495, 2.0199290426174557, 0.025221075190568043, -0.06986623067058495, -0.18204002950591922, -1.1760394072926175, -0.06986623067058495, 0.15066212038520058, -0.0689033491193195, -0.06986623067058495, 0.7810214575710248, 0.32461698821367274, -0.06986623067058495, -0.14429808982257156, -1.3449372695169015, -0.06986623067058495, 0.08832778636500847, -0.11388731660885976, -0.06986623067058495, 1.5506789513345918, 0.37368476913790666, -0.06986623067058495, 0.013654491584925812, -0.18906198765318594, -0.06986623067058495, -0.2485976988515471, -0.0024194901601711227, -0.06986623067058495, -0.5911461339152517, -0.5606218150641643, -0.06986623067058495, 0.014202229856605622, 0.12060922054947015, -0.06986623067058495, -0.06746078467200464, -0.14889254713594968, -0.06986623067058495, -0.2539911043637327, -0.5647730477919365, -0.06986623067058495, 0.16494636372608543, 0.015724279036855693, -0.06986623067058495, 0.0738415771923456, -0.21232296516850002, -0.06986623067058495, -0.7533920893240672, -0.2257667842514397]
bestG  0.8
bestA  0.30000000000000004
bestD  2
